wireless-10-146-140-139:CS331 haoshuyuwen$ java GraphGenerator
0 1 1 1 1 1 1 1 0 1 1 1 1 0 1 0 0 0 0 0 1 1 1 1 0
1 0 0 0 1 1 0 1 0 1 0 1 0 1 1 0 0 1 1 1 1 1 1 1 0
1 0 0 1 0 1 1 1 1 0 1 1 1 1 1 1 1 1 1 1 0 0 1 0 1
1 0 1 0 1 1 1 0 1 1 0 1 1 0 1 1 0 1 1 1 1 0 0 1 1
1 1 0 1 0 1 1 1 1 0 1 0 1 1 1 0 1 1 1 1 0 1 0 1 0
1 1 1 1 1 0 1 1 1 1 1 1 1 1 1 1 1 1 1 1 1 1 0 1 1
1 0 1 1 1 1 0 0 0 1 1 1 0 1 0 1 1 1 1 1 1 0 0 1 1
1 1 1 0 1 1 0 0 1 0 1 0 1 0 1 0 1 1 0 1 1 1 1 0 0
0 0 1 1 1 1 0 1 0 1 1 1 1 1 0 0 0 1 0 1 1 0 1 1 1
1 1 0 1 0 1 1 0 1 0 1 1 1 1 0 0 1 1 1 1 1 1 1 1 1
1 0 1 0 1 1 1 1 1 1 0 1 1 1 1 1 1 0 1 1 1 1 1 1 0
1 1 1 1 0 1 1 0 1 1 1 0 1 0 1 1 1 0 1 1 1 1 1 0 1
1 0 1 1 1 1 0 1 1 1 1 1 0 1 1 0 1 1 1 0 1 1 1 1 1
0 1 1 0 1 1 1 0 1 1 1 0 1 0 1 0 1 0 0 1 1 1 1 1 0
1 1 1 1 1 1 0 1 0 0 1 1 1 1 0 1 1 1 1 1 1 1 1 1 1
0 0 1 1 0 1 1 0 0 0 1 1 0 0 1 0 1 0 0 1 1 1 1 1 1
0 0 1 0 1 1 1 1 0 1 1 1 1 1 1 1 0 1 1 1 1 1 0 1 1
0 1 1 1 1 1 1 1 1 1 0 0 1 0 1 0 1 0 1 1 1 1 1 1 1
0 1 1 1 1 1 1 0 0 1 1 1 1 0 1 0 1 1 0 0 1 0 1 1 1
0 1 1 1 1 1 1 1 1 1 1 1 0 1 1 1 1 1 0 0 1 1 1 1 1
1 1 0 1 0 1 1 1 1 1 1 1 1 1 1 1 1 1 1 1 0 0 1 0 0
1 1 0 0 1 1 0 1 0 1 1 1 1 1 1 1 1 1 0 1 0 0 1 0 1
1 1 1 0 0 0 0 1 1 1 1 1 1 1 1 1 0 1 1 1 1 1 0 1 1
1 1 0 1 1 1 1 0 1 1 1 0 1 1 1 1 1 1 1 1 0 0 1 0 1
0 0 1 1 0 1 1 0 1 1 0 1 1 0 1 1 1 1 1 1 0 1 1 1 0
-
0 1 1 1 1 0 0 0 0 1 0 1 1 0 1 1 1 0 1 1 0 1 1 0 1
1 0 1 0 1 1 1 0 0 1 0 1 0 1 1 1 0 1 1 1 1 0 1 1 0
1 1 0 1 1 1 0 0 0 1 1 0 0 1 1 1 1 1 1 1 1 1 0 0 1
1 0 1 0 1 1 1 1 1 1 0 0 1 1 1 1 1 1 1 1 1 1 0 1 1
1 1 1 1 0 1 1 1 1 1 1 1 1 1 0 0 1 1 1 1 0 0 0 1 1
0 1 1 1 1 0 0 1 1 1 1 1 0 1 1 1 1 0 1 1 1 1 0 1 1
0 1 0 1 1 0 0 0 1 1 1 1 1 0 1 1 1 1 0 1 1 1 0 1 1
0 0 0 1 1 1 0 0 1 0 0 0 1 0 0 1 1 1 1 1 1 0 1 1 1
0 0 0 1 1 1 1 1 0 0 0 1 1 1 1 1 0 1 1 1 1 1 1 1 1
1 1 1 1 1 1 1 0 0 0 1 1 1 1 1 1 0 1 1 1 0 1 1 1 1
0 0 1 0 1 1 1 0 0 1 0 1 1 1 1 1 1 1 0 0 1 1 1 0 1
1 1 0 0 1 1 1 0 1 1 1 0 1 1 1 1 1 0 0 1 1 0 1 1 1
1 0 0 1 1 0 1 1 1 1 1 1 0 1 1 1 0 1 1 1 0 0 0 1 0
0 1 1 1 1 1 0 0 1 1 1 1 1 0 1 1 1 1 0 1 1 1 0 1 0
1 1 1 1 0 1 1 0 1 1 1 1 1 1 0 1 1 1 1 1 1 1 1 1 1
1 1 1 1 0 1 1 1 1 1 1 1 1 1 1 0 1 1 1 0 1 1 1 0 1
1 0 1 1 1 1 1 1 0 0 1 1 0 1 1 1 0 1 1 0 1 1 1 1 0
0 1 1 1 1 0 1 1 1 1 1 0 1 1 1 1 1 0 1 1 1 0 0 1 1
1 1 1 1 1 1 0 1 1 1 0 0 1 0 1 1 1 1 0 1 1 1 0 1 1
1 1 1 1 1 1 1 1 1 1 0 1 1 1 1 0 0 1 1 0 1 1 1 1 1
0 1 1 1 0 1 1 1 1 0 1 1 0 1 1 1 1 1 1 1 0 1 1 1 0
1 0 1 1 0 1 1 0 1 1 1 0 0 1 1 1 1 0 1 1 1 0 1 1 1
1 1 0 0 0 0 0 1 1 1 1 1 0 0 1 1 1 0 0 1 1 1 0 0 0
0 1 0 1 1 1 1 1 1 1 0 1 1 1 1 0 1 1 1 1 1 1 0 0 1
1 0 1 1 1 1 1 1 1 1 1 1 0 0 1 1 0 1 1 1 0 1 0 1 0
-
0 1 0 1 1 1 1 1 1 1 0 0 0 1 1 1 1 1 1 1 1 0 1 1 1
1 0 0 0 1 0 0 0 1 0 1 1 1 0 1 1 1 1 1 1 0 1 1 0 1
0 0 0 1 0 0 1 1 0 1 1 0 1 1 0 1 0 1 1 1 0 1 1 0 1
1 0 1 0 1 0 1 1 0 1 1 1 0 1 1 1 1 1 1 1 1 1 1 1 0
1 1 0 1 0 1 0 1 1 1 1 1 1 1 1 1 1 1 1 0 1 1 1 0 1
1 0 0 0 1 0 1 0 1 1 0 0 1 0 0 0 1 1 0 1 0 1 1 0 1
1 0 1 1 0 1 0 1 0 1 1 1 1 1 1 0 0 0 1 1 0 0 1 1 0
1 0 1 1 1 0 1 0 1 1 1 1 1 1 0 1 1 1 1 1 1 1 1 1 0
1 1 0 0 1 1 0 1 0 1 0 1 1 1 0 1 1 1 0 1 1 0 1 1 1
1 0 1 1 1 1 1 1 1 0 1 1 1 1 1 1 1 1 1 1 1 1 1 1 1
0 1 1 1 1 0 1 1 0 1 0 1 1 1 1 1 1 1 0 1 0 1 1 0 1
0 1 0 1 1 0 1 1 1 1 1 0 1 1 1 1 1 1 1 1 1 1 1 1 0
0 1 1 0 1 1 1 1 1 1 1 1 0 1 0 1 1 1 1 1 1 1 1 1 0
1 0 1 1 1 0 1 1 1 1 1 1 1 0 1 1 1 0 0 1 1 1 1 1 1
1 1 0 1 1 0 1 0 0 1 1 1 0 1 0 0 1 0 1 1 0 1 1 1 1
1 1 1 1 1 0 0 1 1 1 1 1 1 1 0 0 0 0 1 1 0 1 1 1 1
1 1 0 1 1 1 0 1 1 1 1 1 1 1 1 0 0 1 1 1 0 1 1 1 0
1 1 1 1 1 1 0 1 1 1 1 1 1 0 0 0 1 0 1 0 1 0 1 0 0
1 1 1 1 1 0 1 1 0 1 0 1 1 0 1 1 1 1 0 1 1 1 1 1 1
1 1 1 1 0 1 1 1 1 1 1 1 1 1 1 1 1 0 1 0 0 1 1 1 1
1 0 0 1 1 0 0 1 1 1 0 1 1 1 0 0 0 1 1 0 0 1 1 1 1
0 1 1 1 1 1 0 1 0 1 1 1 1 1 1 1 1 0 1 1 1 0 0 1 1
1 1 1 1 1 1 1 1 1 1 1 1 1 1 1 1 1 1 1 1 1 0 0 0 0
1 0 0 1 0 0 1 1 1 1 0 1 1 1 1 1 1 0 1 1 1 1 0 0 1
1 1 1 0 1 1 0 0 1 1 1 0 0 1 1 1 0 0 1 1 1 1 0 1 0
-
0 1 1 1 1 0 1 0 1 0 1 1 1 1 1 0 1 1 1 0 1 0 1 0 0
1 0 1 1 0 1 1 1 1 0 0 1 1 1 0 1 1 1 1 1 1 1 1 0 1
1 1 0 1 0 0 1 1 0 1 1 1 1 1 1 1 1 1 1 1 1 0 1 0 0
1 1 1 0 1 1 1 1 0 1 0 1 1 1 1 0 0 1 0 0 1 1 1 1 1
1 0 0 1 0 0 0 1 0 1 1 1 1 0 1 1 1 1 0 1 1 0 1 1 1
0 1 0 1 0 0 1 1 0 1 1 1 0 0 1 1 1 1 1 1 1 1 1 0 1
1 1 1 1 0 1 0 1 0 1 1 1 0 1 1 0 1 1 1 1 1 1 0 1 1
0 1 1 1 1 1 1 0 1 0 0 1 1 1 1 1 1 1 0 0 1 0 0 1 1
1 1 0 0 0 0 0 1 0 1 1 0 1 1 1 1 1 0 1 1 1 0 1 1 0
0 0 1 1 1 1 1 0 1 0 1 0 1 1 1 1 0 1 1 1 1 1 1 1 1
1 0 1 0 1 1 1 0 1 1 0 1 1 0 1 1 1 1 0 1 0 1 1 1 1
1 1 1 1 1 1 1 1 0 0 1 0 1 1 1 0 1 1 0 1 1 1 1 1 0
1 1 1 1 1 0 0 1 1 1 1 1 0 1 1 1 1 1 0 1 1 1 1 0 1
1 1 1 1 0 0 1 1 1 1 0 1 1 0 0 1 0 0 1 1 1 1 1 1 0
1 0 1 1 1 1 1 1 1 1 1 1 1 0 0 1 1 0 1 1 1 1 1 1 1
0 1 1 0 1 1 0 1 1 1 1 0 1 1 1 0 1 1 0 0 0 1 1 1 1
1 1 1 0 1 1 1 1 1 0 1 1 1 0 1 1 0 1 1 1 1 1 0 1 1
1 1 1 1 1 1 1 1 0 1 1 1 1 0 0 1 1 0 1 1 1 1 1 1 1
1 1 1 0 0 1 1 0 1 1 0 0 0 1 1 0 1 1 0 1 0 1 1 1 1
0 1 1 0 1 1 1 0 1 1 1 1 1 1 1 0 1 1 1 0 0 0 0 1 1
1 1 1 1 1 1 1 1 1 1 0 1 1 1 1 0 1 1 0 0 0 1 1 0 1
0 1 0 1 0 1 1 0 0 1 1 1 1 1 1 1 1 1 1 0 1 0 1 1 1
1 1 1 1 1 1 0 0 1 1 1 1 1 1 1 1 0 1 1 0 1 1 0 0 0
0 0 0 1 1 0 1 1 1 1 1 1 0 1 1 1 1 1 1 1 0 1 0 0 1
0 1 0 1 1 1 1 1 0 1 1 0 1 0 1 1 1 1 1 1 1 1 0 1 0
-
0 1 1 1 1 1 0 0 1 0 0 1 1 1 1 1 1 1 1 0 0 0 1 1 1
1 0 1 0 1 1 1 1 0 1 0 1 1 1 1 1 1 1 0 1 1 1 1 1 0
1 1 0 1 1 0 1 1 1 1 1 1 0 1 1 1 1 0 0 1 1 1 1 1 1
1 0 1 0 1 1 1 1 0 0 1 1 1 1 1 1 0 1 1 1 1 1 1 1 1
1 1 1 1 0 1 1 0 1 0 0 1 0 0 1 1 1 1 1 1 1 1 1 1 1
1 1 0 1 1 0 0 1 1 0 0 0 1 1 1 0 0 1 1 1 1 0 1 1 0
0 1 1 1 1 0 0 1 1 0 1 1 1 1 0 1 1 0 1 1 0 1 1 1 0
0 1 1 1 0 1 1 0 0 1 0 0 0 1 1 1 1 1 1 1 1 1 1 1 1
1 0 1 0 1 1 1 0 0 1 1 1 0 1 0 1 0 1 0 1 0 1 0 1 1
0 1 1 0 0 0 0 1 1 0 0 1 0 1 1 1 1 0 1 1 1 1 1 1 0
0 0 1 1 0 0 1 0 1 0 0 1 1 1 1 1 1 0 1 1 0 1 0 0 1
1 1 1 1 1 0 1 0 1 1 1 0 0 1 0 1 0 1 1 1 1 1 0 1 1
1 1 0 1 0 1 1 0 0 0 1 0 0 1 1 1 1 1 1 1 1 1 1 1 1
1 1 1 1 0 1 1 1 1 1 1 1 1 0 1 1 0 0 1 1 1 1 1 1 1
1 1 1 1 1 1 0 1 0 1 1 0 1 1 0 1 1 1 0 0 1 1 0 1 1
1 1 1 1 1 0 1 1 1 1 1 1 1 1 1 0 0 1 1 1 1 0 0 1 1
1 1 1 0 1 0 1 1 0 1 1 0 1 0 1 0 0 1 1 1 1 1 1 0 1
1 1 0 1 1 1 0 1 1 0 0 1 1 0 1 1 1 0 1 1 1 1 1 1 1
1 0 0 1 1 1 1 1 0 1 1 1 1 1 0 1 1 1 0 0 1 1 1 0 0
0 1 1 1 1 1 1 1 1 1 1 1 1 1 0 1 1 1 0 0 1 1 0 1 1
0 1 1 1 1 1 0 1 0 1 0 1 1 1 1 1 1 1 1 1 0 0 0 1 1
0 1 1 1 1 0 1 1 1 1 1 1 1 1 1 0 1 1 1 1 0 0 1 1 1
1 1 1 1 1 1 1 1 0 1 0 0 1 1 0 0 1 1 1 0 0 1 0 1 0
1 1 1 1 1 1 1 1 1 1 0 1 1 1 1 1 0 1 0 1 1 1 1 0 1
1 0 1 1 1 0 0 1 1 0 1 1 1 1 1 1 1 1 0 1 1 1 0 1 0